[
  {
    "id": "epic-fl",
    "name": "EPIC Flight Academy",
    "country": "United States",
    "countryCode": "US",
    "city": "New Smyrna Beach",
    "lat": 29.0558,
    "lng": -80.9481,
    "certifications": ["FAA", "ICAO"],
    "dgcaConvertible": true,
    "isPartner": true,
    "fleetSize": 40,
    "approxCostUSD": 95000,
    "durationMonths": 20,
    "website": "https://epicflightacademy.com",
    "rating": 4.7,
    "notes": "One of the largest Part 141 flight schools in the US. Integrated CPL/IR programme with a structured curriculum and high pass rates. Strong record of placing graduates with regional carriers.",
    "images": [
      "https://images.unsplash.com/photo-1436491865332-7a61a109cc05?w=480&h=280&fit=crop&q=80",
      "https://images.unsplash.com/photo-1544197150-b99a580bb7a8?w=480&h=280&fit=crop&q=80",
      "https://images.unsplash.com/photo-1540962351504-03099e0a754b?w=480&h=280&fit=crop&q=80"
    ]
  },
  {
    "id": "atp-fl",
    "name": "ATP Flight School",
    "country": "United States",
    "countryCode": "US",
    "city": "Daytona Beach",
    "lat": 29.1797,
    "lng": -81.0483,
    "certifications": ["FAA"],
    "dgcaConvertible": false,
    "isPartner": false,
    "fleetSize": 35,
    "approxCostUSD": 88000,
    "durationMonths": 18,
    "website": "https://atpflightschool.com",
    "rating": 4.2,
    "notes": "Accelerated airline-track programme with guaranteed interview preparation. Nationwide network of training centres across the US.",
    "images": [
      "https://images.unsplash.com/photo-1464037866556-6812c9d1c72e?w=480&h=280&fit=crop&q=80",
      "https://images.unsplash.com/photo-1488085061387-422e29b40080?w=480&h=280&fit=crop&q=80",
      "https://images.unsplash.com/photo-1530521954074-e64f6810b32d?w=480&h=280&fit=crop&q=80"
    ]
  },
  {
    "id": "airways-au",
    "name": "Airways Aviation",
    "country": "Australia",
    "countryCode": "AU",
    "city": "Melbourne",
    "lat": -37.6748,
    "lng": 144.8350,
    "certifications": ["CASA", "ICAO"],
    "dgcaConvertible": true,
    "isPartner": true,
    "fleetSize": 22,
    "approxCostUSD": 62000,
    "durationMonths": 18,
    "website": "https://airwaysaviation.com",
    "rating": 4.5,
    "notes": "CASR Part 141 approved. Integrated CPL with multi-engine and instrument ratings. One of the most popular choices for Indian students seeking ICAO licensing.",
    "images": [
      "https://images.unsplash.com/photo-1540962351504-03099e0a754b?w=480&h=280&fit=crop&q=80",
      "https://images.unsplash.com/photo-1436491865332-7a61a109cc05?w=480&h=280&fit=crop&q=80",
      "https://images.unsplash.com/photo-1544197150-b99a580bb7a8?w=480&h=280&fit=crop&q=80"
    ]
  },
  {
    "id": "southern-nz",
    "name": "Southern Wings Aviation",
    "country": "New Zealand",
    "countryCode": "NZ",
    "city": "Queenstown",
    "lat": -45.0210,
    "lng": 168.7416,
    "certifications": ["CAA"],
    "dgcaConvertible": false,
    "isPartner": false,
    "fleetSize": 12,
    "approxCostUSD": 50000,
    "durationMonths": 18,
    "website": "https://southernwings.co.nz",
    "rating": 4.3,
    "notes": "CAA New Zealand approved. Scenic mountain and glacier terrain provides excellent exposure to variable weather and complex airspace. Strong focus on VFR and IFR precision.",
    "images": [
      "https://images.unsplash.com/photo-1488085061387-422e29b40080?w=480&h=280&fit=crop&q=80",
      "https://images.unsplash.com/photo-1530521954074-e64f6810b32d?w=480&h=280&fit=crop&q=80",
      "https://images.unsplash.com/photo-1464037866556-6812c9d1c72e?w=480&h=280&fit=crop&q=80"
    ]
  },
  {
    "id": "sabadell-es",
    "name": "Aeroclub de Sabadell",
    "country": "Spain",
    "countryCode": "ES",
    "city": "Barcelona",
    "lat": 41.5241,
    "lng": 2.1059,
    "certifications": ["EASA"],
    "dgcaConvertible": false,
    "isPartner": false,
    "fleetSize": 18,
    "approxCostUSD": 55000,
    "durationMonths": 24,
    "website": "https://aeroclubsabadell.cat",
    "rating": 4.0,
    "notes": "EASA Part FCL approved school at Sabadell Airport, 20 km from Barcelona. Modular and integrated CPL programmes. Affordable cost of living compared to other European destinations.",
    "images": [
      "https://images.unsplash.com/photo-1544197150-b99a580bb7a8?w=480&h=280&fit=crop&q=80",
      "https://images.unsplash.com/photo-1436491865332-7a61a109cc05?w=480&h=280&fit=crop&q=80",
      "https://images.unsplash.com/photo-1488085061387-422e29b40080?w=480&h=280&fit=crop&q=80"
    ]
  },
  {
    "id": "baa-hu",
    "name": "BAA Training",
    "country": "Hungary",
    "countryCode": "HU",
    "city": "Budapest",
    "lat": 47.4338,
    "lng": 19.2609,
    "certifications": ["EASA", "ICAO"],
    "dgcaConvertible": true,
    "isPartner": true,
    "fleetSize": 15,
    "approxCostUSD": 52000,
    "durationMonths": 21,
    "website": "https://baatraining.com",
    "rating": 4.6,
    "notes": "One of Europe's leading aviation training centres. ATPL integrated and modular CPL programmes available. Recognised by multiple European airlines for cadet pipelines.",
    "images": [
      "https://images.unsplash.com/photo-1530521954074-e64f6810b32d?w=480&h=280&fit=crop&q=80",
      "https://images.unsplash.com/photo-1540962351504-03099e0a754b?w=480&h=280&fit=crop&q=80",
      "https://images.unsplash.com/photo-1464037866556-6812c9d1c72e?w=480&h=280&fit=crop&q=80"
    ]
  },
  {
    "id": "pasc-ph",
    "name": "Philippine Aviation School Corp",
    "country": "Philippines",
    "countryCode": "PH",
    "city": "Manila",
    "lat": 14.5083,
    "lng": 121.0194,
    "certifications": ["CAAP", "ICAO"],
    "dgcaConvertible": false,
    "isPartner": false,
    "fleetSize": 10,
    "approxCostUSD": 53000,
    "durationMonths": 18,
    "website": null,
    "rating": 3.9,
    "notes": "CAAP certified school offering PPL, CPL, and IR courses. Low local cost of living significantly reduces overall training expenditure. Good VMC flying weather year-round.",
    "images": [
      "https://images.unsplash.com/photo-1488085061387-422e29b40080?w=480&h=280&fit=crop&q=80",
      "https://images.unsplash.com/photo-1544197150-b99a580bb7a8?w=480&h=280&fit=crop&q=80",
      "https://images.unsplash.com/photo-1436491865332-7a61a109cc05?w=480&h=280&fit=crop&q=80"
    ]
  },
  {
    "id": "43air-za",
    "name": "43 Air School",
    "country": "South Africa",
    "countryCode": "ZA",
    "city": "Port Alfred",
    "lat": -33.5799,
    "lng": 26.8796,
    "certifications": ["SACAA", "ICAO"],
    "dgcaConvertible": true,
    "isPartner": true,
    "fleetSize": 30,
    "approxCostUSD": 43000,
    "durationMonths": 18,
    "website": "https://43airschool.com",
    "rating": 4.4,
    "notes": "Africa's largest ab-initio flight school with over 50 years of operations. SACAA approved. Consistently ranked among the world's most affordable options for ICAO CPL training.",
    "images": [
      "https://images.unsplash.com/photo-1464037866556-6812c9d1c72e?w=480&h=280&fit=crop&q=80",
      "https://images.unsplash.com/photo-1530521954074-e64f6810b32d?w=480&h=280&fit=crop&q=80",
      "https://images.unsplash.com/photo-1540962351504-03099e0a754b?w=480&h=280&fit=crop&q=80"
    ]
  },
  {
    "id": "arafa-ae",
    "name": "Air Arabia Flight Academy",
    "country": "United Arab Emirates",
    "countryCode": "AE",
    "city": "Sharjah",
    "lat": 25.3256,
    "lng": 55.5145,
    "certifications": ["GCAA", "ICAO"],
    "dgcaConvertible": true,
    "isPartner": false,
    "fleetSize": 14,
    "approxCostUSD": 72000,
    "durationMonths": 24,
    "website": "https://flyairarabia.com/flight-academy",
    "rating": 4.1,
    "notes": "Airline-backed academy with a focus on direct recruitment pipelines into Air Arabia. GCAA approved integrated CPL with MCC and jet orientation included.",
    "images": [
      "https://images.unsplash.com/photo-1436491865332-7a61a109cc05?w=480&h=280&fit=crop&q=80",
      "https://images.unsplash.com/photo-1488085061387-422e29b40080?w=480&h=280&fit=crop&q=80",
      "https://images.unsplash.com/photo-1544197150-b99a580bb7a8?w=480&h=280&fit=crop&q=80"
    ]
  },
  {
    "id": "cygnet-mv",
    "name": "Cygnet Aviation Academy",
    "country": "Maldives",
    "countryCode": "MV",
    "city": "Male",
    "lat": 4.1917,
    "lng": 73.5310,
    "certifications": ["CAA", "ICAO"],
    "dgcaConvertible": true,
    "isPartner": true,
    "fleetSize": 8,
    "approxCostUSD": 56000,
    "durationMonths": 20,
    "website": "https://cygnetaviation.com",
    "rating": 4.2,
    "notes": "Island-based training with excellent VMC weather year-round. CAA Maldives approved. Popular among South Asian students seeking cost-effective ICAO licensing with a scenic training environment.",
    "images": [
      "https://images.unsplash.com/photo-1540962351504-03099e0a754b?w=480&h=280&fit=crop&q=80",
      "https://images.unsplash.com/photo-1464037866556-6812c9d1c72e?w=480&h=280&fit=crop&q=80",
      "https://images.unsplash.com/photo-1530521954074-e64f6810b32d?w=480&h=280&fit=crop&q=80"
    ]
  }
]
